Mergesort

size: 10000
0.0012784,0.0012844,0.0012576,0.001274,0.0012836,0.0012902,0.0012898,0.0013906,0.0012882,0.0012816,
Avg: 0.00129184

size: 60000
0.0088491,0.0090952,0.0086468,0.0086201,0.0086902,0.0086466,0.0086342,0.0086485,0.008597,0.0085745,
Avg: 0.00870022

size: 110000
0.0166421,0.0164682,0.0164699,0.0166025,0.0166458,0.0164635,0.0164609,0.0164703,0.0163617,0.0166558,
Avg: 0.0165241

size: 160000
0.0250786,0.0241799,0.0244822,0.0252418,0.0245858,0.0247684,0.0242997,0.0246829,0.0244421,0.0243423,
Avg: 0.0246104

size: 210000
0.0326136,0.0324766,0.032831,0.0329893,0.0329055,0.0329351,0.0361206,0.0348649,0.0333813,0.0332072,
Avg: 0.0334325

size: 260000
0.0421324,0.0418269,0.0418415,0.0417677,0.0411226,0.0410861,0.0413565,0.0411172,0.0416698,0.0424299,
Avg: 0.0416351

size: 310000
0.0503668,0.0499917,0.0491391,0.0491508,0.0493134,0.0496756,0.0497119,0.0496836,0.0493537,0.0495009,
Avg: 0.0495888

size: 360000
0.0587395,0.0577417,0.0576255,0.0577386,0.0574688,0.0579954,0.0580589,0.0585374,0.0579529,0.057846,
Avg: 0.0579705

size: 410000
0.0663599,0.0659819,0.0674067,0.0667456,0.0659058,0.0662542,0.0659244,0.0664852,0.0659277,0.0670395,
Avg: 0.0664031

size: 460000
0.075759,0.0858054,0.0774424,0.07726,0.0766394,0.0759183,0.0765459,0.076814,0.0754088,0.0766362,
Avg: 0.0774229

size: 510000
0.0854612,0.0847289,0.0846925,0.0848621,0.0846926,0.0850623,0.086953,0.0869387,0.0848451,0.0853025,
Avg: 0.0853539

size: 560000
0.0939418,0.0943531,0.0937983,0.0932278,0.0951133,0.094737,0.094576,0.0940083,0.0944059,0.0924004,
Avg: 0.0940562

size: 610000
0.103445,0.103908,0.103145,0.106238,0.10629,0.104321,0.10639,0.103571,0.105212,0.10479,
Avg: 0.104731

size: 660000
0.122283,0.112066,0.111904,0.111835,0.113309,0.111252,0.111303,0.111028,0.111038,0.111363,
Avg: 0.112738

size: 710000
0.121164,0.121854,0.121172,0.121731,0.122823,0.131312,0.123331,0.122416,0.123022,0.121628,
Avg: 0.123045

size: 760000
0.134077,0.13647,0.129451,0.1317,0.131292,0.134017,0.134426,0.129148,0.129836,0.129629,
Avg: 0.132005

size: 810000
0.140071,0.139362,0.140586,0.139084,0.13836,0.139966,0.141622,0.139004,0.138786,0.139092,
Avg: 0.139593

size: 860000
0.148041,0.14789,0.146773,0.148886,0.148134,0.147409,0.148484,0.148964,0.147601,0.148718,
Avg: 0.14809

size: 910000
0.157447,0.158262,0.156633,0.156887,0.156498,0.156251,0.156374,0.16107,0.15805,0.156722,
Avg: 0.157419

size: 960000
0.167481,0.16606,0.168332,0.166851,0.167487,0.166096,0.17175,0.176797,0.169122,0.166433,
Avg: 0.168641
