Quicksort

size: 10000
0.0009686,0.0010108,0.000986,0.0010284,0.0010108,0.0010626,0.0009662,0.0009774,0.0011993,0.0010386,
Avg: 0.00102487

size: 60000
0.0073144,0.0073221,0.0068089,0.0072793,0.0072959,0.0070459,0.0069952,0.007125,0.0074256,0.0072842,
Avg: 0.00718965

size: 110000
0.0136945,0.0131509,0.0138824,0.0132568,0.0137776,0.013156,0.013861,0.0137458,0.0133164,0.0135176,
Avg: 0.0135359

size: 160000
0.0200418,0.0201876,0.0196956,0.0196156,0.0203181,0.0203921,0.0201021,0.0207261,0.020709,0.0207322,
Avg: 0.020252

size: 210000
0.0282737,0.0283794,0.028911,0.0269602,0.0273621,0.0269185,0.0274658,0.0277942,0.0270323,0.0267225,
Avg: 0.027582

size: 260000
0.0335912,0.0337925,0.0357435,0.0351984,0.0339463,0.0352903,0.0346864,0.0342364,0.0357895,0.034307,
Avg: 0.0346581

size: 310000
0.0413891,0.0413396,0.0417248,0.0397643,0.041429,0.043665,0.0406071,0.0407306,0.041089,0.042843,
Avg: 0.0414581

size: 360000
0.0504465,0.0493507,0.0505141,0.0483476,0.0469116,0.0470563,0.0489655,0.0493123,0.0481604,0.0466805,
Avg: 0.0485746

size: 410000
0.0558172,0.05456,0.0555722,0.0549814,0.0561471,0.0552117,0.0549829,0.054797,0.0557306,0.0563742,
Avg: 0.0554174

size: 460000
0.0620011,0.0628215,0.063,0.0639707,0.0648753,0.0643653,0.0648475,0.0641142,0.0619178,0.0665139,
Avg: 0.0638427

size: 510000
0.070306,0.0705794,0.0694959,0.0701678,0.074481,0.0708425,0.0719858,0.0723777,0.0724367,0.0695462,
Avg: 0.0712219

size: 560000
0.0764833,0.0799347,0.0799338,0.0794436,0.0775829,0.0772728,0.0785529,0.0807405,0.0789015,0.0784959,
Avg: 0.0787342

size: 610000
0.0847271,0.0894364,0.0869967,0.0870528,0.087461,0.0866251,0.0946731,0.086038,0.0894595,0.087342,
Avg: 0.0879812

size: 660000
0.0968378,0.093096,0.0943732,0.0934089,0.0973798,0.0950726,0.0922494,0.0935573,0.0940976,0.0966382,
Avg: 0.0946711

size: 710000
0.102564,0.105445,0.0997303,0.101683,0.101388,0.104382,0.106947,0.105444,0.103023,0.099929,
Avg: 0.103053

size: 760000
0.108453,0.111632,0.110694,0.106868,0.110766,0.110584,0.108719,0.114615,0.107449,0.108753,
Avg: 0.109853

size: 810000
0.114109,0.1227,0.114353,0.11757,0.115777,0.119768,0.118214,0.114609,0.118711,0.115709,
Avg: 0.117152

size: 860000
0.124769,0.127181,0.127726,0.118806,0.126502,0.122995,0.126609,0.121929,0.126014,0.125811,
Avg: 0.124834

size: 910000
0.133104,0.13358,0.132812,0.130496,0.131365,0.132316,0.131427,0.129341,0.133516,0.133441,
Avg: 0.13214

size: 960000
0.139067,0.139452,0.139484,0.146701,0.143073,0.139758,0.142277,0.147434,0.138138,0.143834,
Avg: 0.141922
