Quicksort randomized

size: 10000
0.0009941,0.0010035,0.0009452,0.0009988,0.000972,0.0009643,0.0009712,0.0009684,0.000979,0.0009352,
Avg: 0.00097317

size: 60000
0.0071006,0.0068137,0.0068056,0.0071676,0.0067563,0.0072166,0.0070441,0.0066991,0.0068932,0.0067658,
Avg: 0.00692626

size: 110000
0.013431,0.0128874,0.0132111,0.0140935,0.0136538,0.0133881,0.0130817,0.0133254,0.013129,0.0133406,
Avg: 0.0133542

size: 160000
0.0197675,0.0195637,0.0195469,0.0197448,0.0200448,0.0205612,0.0200599,0.0201355,0.0200498,0.0199762,
Avg: 0.019945

size: 210000
0.0263941,0.025887,0.0273221,0.0261604,0.02753,0.0265579,0.0256732,0.0273735,0.0267095,0.0281097,
Avg: 0.0267717

size: 260000
0.0345046,0.0332092,0.0349826,0.0345823,0.0348455,0.0340414,0.0358757,0.0334335,0.0332698,0.0326708,
Avg: 0.0341415

size: 310000
0.0408523,0.0416159,0.0401223,0.0408803,0.0405474,0.0409129,0.0401275,0.0403453,0.0397398,0.040497,
Avg: 0.0405641

size: 360000
0.0479103,0.0464817,0.0457855,0.0480069,0.0466958,0.047664,0.047522,0.0493299,0.0482669,0.0470843,
Avg: 0.0474747

size: 410000
0.0548305,0.0530586,0.0540122,0.053159,0.053931,0.0535386,0.0539985,0.0559183,0.0574971,0.0607765,
Avg: 0.055072

size: 460000
0.0611752,0.0629049,0.0652703,0.0652112,0.0610682,0.0618236,0.06559,0.062944,0.0623809,0.0621901,
Avg: 0.0630558

size: 510000
0.0704744,0.0690311,0.0692021,0.0687635,0.0688247,0.0693604,0.0707902,0.0721445,0.0671,0.0695838,
Avg: 0.0695275

size: 560000
0.0770272,0.0763925,0.0789578,0.0777014,0.0794273,0.0771701,0.0743254,0.0782058,0.0774693,0.0756104,
Avg: 0.0772287

size: 610000
0.084244,0.0866302,0.0868311,0.0836259,0.0849231,0.0874556,0.0878397,0.0851773,0.0860909,0.0932287,
Avg: 0.0866046

size: 660000
0.0924496,0.0916725,0.0929812,0.0933561,0.0938608,0.0895933,0.0915454,0.0902781,0.0927854,0.0912924,
Avg: 0.0919815

size: 710000
0.0992366,0.0998046,0.104462,0.0993089,0.105053,0.0998221,0.103624,0.100488,0.100844,0.103934,
Avg: 0.101658

size: 760000
0.106788,0.112207,0.105607,0.109325,0.109125,0.108036,0.11083,0.107225,0.109127,0.11573,
Avg: 0.1094

size: 810000
0.114004,0.112515,0.114985,0.117232,0.112382,0.113361,0.116456,0.114419,0.112909,0.116567,
Avg: 0.114483

size: 860000
0.120609,0.121485,0.121288,0.12331,0.126081,0.120934,0.12059,0.119542,0.121182,0.125023,
Avg: 0.122004

size: 910000
0.130104,0.128761,0.129649,0.127242,0.128456,0.125815,0.130863,0.132559,0.132788,0.130228,
Avg: 0.129647

size: 960000
0.135413,0.143234,0.141622,0.144483,0.138508,0.139935,0.134867,0.149022,0.136981,0.14379,
Avg: 0.140785
