Heapsort

size: 10000
1.2e-06,1.2e-06,1.5e-06,1.2e-06,1.1e-06,1.2e-06,1.2e-06,1.7e-06,1.2e-06,1.3e-06,
Avg: 1.28e-06

size: 60000
1.5e-06,1.4e-06,1.4e-06,1.6e-06,1.7e-06,1.5e-06,1.4e-06,1.9e-06,1.4e-06,1.5e-06,
Avg: 1.53e-06

size: 110000
1.4e-06,1.6e-06,1.8e-06,1.4e-06,1.6e-06,1.6e-06,1.5e-06,1.5e-06,1.4e-06,1.3e-06,
Avg: 1.51e-06

size: 160000
1.5e-06,1.4e-06,1.5e-06,1.4e-06,1.4e-06,1.5e-06,1.3e-06,1.7e-06,1.3e-06,1.3e-06,
Avg: 1.43e-06

size: 210000
1.7e-06,1.4e-06,1.7e-06,1.4e-06,1.4e-06,1.4e-06,1.8e-06,1.6e-06,1.8e-06,1.4e-06,
Avg: 1.56e-06

size: 260000
1.7e-06,1.5e-06,1.7e-06,1.5e-06,1.5e-06,1.6e-06,1.4e-06,1.9e-06,1.6e-06,1.6e-06,
Avg: 1.6e-06

size: 310000
1.8e-06,1.8e-06,1.5e-06,1.8e-06,1.5e-06,1.5e-06,1.4e-06,1.4e-06,1.4e-06,1.5e-06,
Avg: 1.56e-06

size: 360000
1.5e-06,1.6e-06,1.5e-06,1.4e-06,1.6e-06,1.5e-06,1.4e-06,1.4e-06,1.2e-06,1.4e-06,
Avg: 1.45e-06

size: 410000
1.6e-06,1.4e-06,1.8e-06,1.4e-06,1.5e-06,1.4e-06,1.4e-06,1.6e-06,1.3e-06,1.7e-06,
Avg: 1.51e-06

size: 460000
1.6e-06,2.8e-06,1.9e-06,1.7e-06,1.9e-06,1.7e-06,1.6e-06,1.7e-06,1.9e-06,2.7e-06,
Avg: 1.95e-06

size: 510000
1.8e-06,1.8e-06,1.9e-06,2e-06,1.6e-06,1.9e-06,1.8e-06,1.9e-06,1.7e-06,1.5e-06,
Avg: 1.79e-06

size: 560000
2.1e-06,2.5e-06,2.1e-06,1.7e-06,2.5e-06,1.8e-06,1.8e-06,1.7e-06,1.7e-06,2.5e-06,
Avg: 2.04e-06

size: 610000
2.3e-06,2e-06,2.1e-06,2.1e-06,2.4e-06,2.7e-06,2e-06,2.3e-06,2.4e-06,2.7e-06,
Avg: 2.3e-06

size: 660000
2.6e-06,2.3e-06,2.3e-06,3.4e-06,2.5e-06,2.2e-06,1.9e-06,2.4e-06,2.2e-06,2.4e-06,
Avg: 2.42e-06

size: 710000
2e-06,2.4e-06,2.5e-06,2.5e-06,2.4e-06,2.5e-06,2e-06,2.1e-06,2.8e-06,2.5e-06,
Avg: 2.37e-06

size: 760000
2.6e-06,2.1e-06,2.3e-06,2.5e-06,2.4e-06,3e-06,2.7e-06,2.1e-06,2.6e-06,2.3e-06,
Avg: 2.46e-06

size: 810000
3.1e-06,2.5e-06,2.7e-06,2.2e-06,2.7e-06,2e-06,2.6e-06,2.4e-06,2.2e-06,2.5e-06,
Avg: 2.49e-06

size: 860000
2e-06,2.3e-06,2.3e-06,2.2e-06,2.3e-06,2.2e-06,2.5e-06,3e-06,2.3e-06,2.1e-06,
Avg: 2.32e-06

size: 910000
2.3e-06,2.7e-06,2.4e-06,2.1e-06,2.5e-06,2.3e-06,3.1e-06,2.2e-06,2.5e-06,2.6e-06,
Avg: 2.47e-06

size: 960000
2.2e-06,2.1e-06,2.3e-06,2.3e-06,2.2e-06,2.4e-06,2.3e-06,2.2e-06,2.6e-06,2.1e-06,
Avg: 2.27e-06
