Hire Assistant

Size: 10000
1.9e-05,2.33e-05,1.92e-05,1.92e-05,1.93e-05,1.93e-05,1.92e-05,1.91e-05,1.91e-05,4.76e-05,
Avg: 1.1215e-05,
Size: 60000
0.0001092,0.0001091,0.0001093,0.0001112,0.0001092,0.0001094,0.0001096,0.0001092,0.000109,0.0001113,
Avg: 6.604e-05,
Size: 110000
0.0002487,0.0001991,0.0002471,0.0002048,0.0002424,0.0002025,0.000245,0.0001991,0.0002127,0.0001986,
Avg: 0.00017604,
Size: 160000
0.0002888,0.0002885,0.0002936,0.0002888,0.0002957,0.0002956,0.0002991,0.0003039,0.0002959,0.0003038,
Avg: 0.000323725,
Size: 210000
0.0003911,0.0003913,0.0003979,0.0003887,0.0003956,0.0003879,0.0003874,0.0003874,0.0003878,0.0003888,
Avg: 0.00051892,
Size: 260000
0.0004929,0.0004795,0.0004801,0.0005193,0.0004793,0.0004828,0.0004805,0.0004793,0.0004795,0.0004904,
Avg: 0.0007621,
Size: 310000
0.0005759,0.0005753,0.0005716,0.000572,0.0005712,0.000575,0.0005797,0.0005705,0.0005718,0.0005727,
Avg: 0.00104889,
Size: 360000
0.0006674,0.0006627,0.0006637,0.0006819,0.0006736,0.0006672,0.0006659,0.0006652,0.0006641,0.0006637,
Avg: 0.00138265,
Size: 410000
0.0007617,0.0007586,0.0007555,0.000757,0.0007552,0.0007583,0.0007584,0.0007617,0.0007411,0.0007376,
Avg: 0.00175991,
Size: 460000
0.0008293,0.0009292,0.000831,0.0009905,0.0008301,0.0008299,0.0008279,0.0008298,0.0008469,0.0008508,
Avg: 0.00218968,
Size: 510000
0.0009568,0.0009398,0.0009396,0.0009429,0.0009407,0.0009508,0.0009411,0.0009415,0.0009431,0.0009445,
Avg: 0.00266172,
Size: 560000
0.0010363,0.0010334,0.0010346,0.0010351,0.0010342,0.0010365,0.0010345,0.0010331,0.0010343,0.001038,
Avg: 0.00317922,
Size: 610000
0.0011288,0.0011263,0.001123,0.001126,0.0011261,0.0011243,0.0011242,0.0011235,0.0011306,0.0011272,
Avg: 0.00374222,
Size: 660000
0.0012158,0.0012187,0.0012175,0.0012203,0.0012379,0.001215,0.00123,0.0011937,0.0011898,0.0011882,
Avg: 0.00434856,
Size: 710000
0.0014172,0.0013319,0.001278,0.0013347,0.0012778,0.001311,0.0013218,0.0014733,0.0012787,0.0012776,
Avg: 0.00501366,
Size: 760000
0.0013789,0.0013694,0.0013675,0.0014034,0.001417,0.0013677,0.0013666,0.0014098,0.0014027,0.001412,
Avg: 0.00570841,
Size: 810000
0.0015017,0.0014999,0.0014993,0.0014913,0.0014991,0.0016124,0.0014914,0.0014961,0.0014927,0.0014997,
Avg: 0.00646259,
Size: 860000
0.0015892,0.001589,0.0015846,0.0015876,0.0015882,0.001586,0.0016262,0.0015851,0.0016039,0.0015916,
Avg: 0.00725916,
Size: 910000
0.0016859,0.0016754,0.001711,0.0016832,0.0016754,0.0016775,0.0018454,0.0016869,0.00168,0.0016795,
Avg: 0.00810917,
Size: 960000
0.0017802,0.0017678,0.0017786,0.0017963,0.0018464,0.0017732,0.0019019,0.0018395,0.0017881,0.0018465,
Avg: 0.0090151,
